- source:   陆续什么意思
- expected: 陆续的意思是什么
- got:      <S>2017年的陆续是什么意思
-0.09374527633190155 -1.8225420713424683 -0.3543957769870758 -1.4363157749176025 -0.27611783146858215 -0.3244078755378723 -0.9752737879753113 -2.048790693283081 -0.2610153257846832 -0.16255028545856476 -0.3199567198753357 -0.09519749134778976 -2.837573289871216 -0.08596279472112656
- got:      <S>国际陆续的意思是什么
-0.09374527633190155 -1.8225420713424683 -0.3543957769870758 -1.4363157749176025 -0.27611783146858215 -0.3244078755378723 -0.9752737879753113 -2.048790693283081 -0.2610153257846832 -0.16255028545856476 -0.3199567198753357
- got:      <S>什么叫陆续的意思
-0.09374527633190155 -1.8225420713424683 -0.3543957769870758 -1.4363157749176025 -0.27611783146858215 -0.3244078755378723 -0.9752737879753113 -2.048790693283081 -0.2610153257846832
- got:      <S>陆续是什么意思
-0.09374527633190155 -1.8225420713424683 -0.3543957769870758 -1.4363157749176025 -0.27611783146858215 -0.3244078755378723 -0.9752737879753113 -2.048790693283081
- got:      <S>什么是陆续的
-0.09374527633190155 -1.8225420713424683 -0.3543957769870758 -1.4363157749176025 -0.27611783146858215 -0.3244078755378723 -0.9752737879753113

- source:   提交信息
- expected: 补全信息
- got:      <S>交通信息的费用是多少
-0.10037803649902344 -2.280170440673828 -0.32243612408638 -0.3868146538734436 -1.4731403589248657 -2.1066784858703613 -3.527628183364868 -0.5570462346076965 -3.6277225017547607 -0.6119641661643982 -0.12911677360534668
- got:      <S>提交信息的方法
-0.10037803649902344 -2.280170440673828 -0.32243612408638 -0.3868146538734436 -1.4731403589248657 -2.1066784858703613 -3.527628183364868 -0.5570462346076965
- got:      <S>信息提交流程
-0.10037803649902344 -2.280170440673828 -0.32243612408638 -0.3868146538734436 -1.4731403589248657 -2.1066784858703613 -3.527628183364868
- got:      <S>如何提交信息
-0.10037803649902344 -2.280170440673828 -0.32243612408638 -0.3868146538734436 -1.4731403589248657 -2.1066784858703613 -3.527628183364868
- got:      <S>怎么提交信息
-0.10037803649902344 -2.280170440673828 -0.32243612408638 -0.3868146538734436 -1.4731403589248657 -2.1066784858703613 -3.527628183364868

- source:   深圳有什么好玩地方
- expected: 深圳哪里有什么好玩的地方
- got:      <S>2017深圳有什么好玩的地方
-0.10871241986751556 -0.17547106742858887 -0.10672926902770996 -0.7463803887367249 -0.14142221212387085 -0.6123815178871155 -0.6839544773101807 -0.12643180787563324 -0.747404158115387 -0.11741887778043747 -0.05534406378865242 -0.03656646981835365 -7.168449401855469 -2.7143805027008057 -6.0563578605651855
- got:      <S>上海深圳有什么好玩的地方
-0.10871241986751556 -0.17547106742858887 -0.10672926902770996 -0.7463803887367249 -0.14142221212387085 -0.6123815178871155 -0.6839544773101807 -0.12643180787563324 -0.747404158115387 -0.11741887778043747 -0.05534406378865242 -0.03656646981835365 -7.168449401855469
- got:      <S>在深圳有什么好玩的地方
-0.10871241986751556 -0.17547106742858887 -0.10672926902770996 -0.7463803887367249 -0.14142221212387085 -0.6123815178871155 -0.6839544773101807 -0.12643180787563324 -0.747404158115387 -0.11741887778043747 -0.05534406378865242 -0.03656646981835365
- got:      <S>深圳有什么好玩的地方
-0.10871241986751556 -0.17547106742858887 -0.10672926902770996 -0.7463803887367249 -0.14142221212387085 -0.6123815178871155 -0.6839544773101807 -0.12643180787563324 -0.747404158115387 -0.11741887778043747 -0.05534406378865242
- got:      <S>广州有什么好玩的地方
-0.10871241986751556 -0.17547106742858887 -0.10672926902770996 -0.7463803887367249 -0.14142221212387085 -0.6123815178871155 -0.6839544773101807 -0.12643180787563324 -0.747404158115387 -0.11741887778043747 -0.05534406378865242

- source:   在那可以免费下载全本电子书啊
- expected: 免费全本的电子书从那下载啊
- got:      <S>有没有免费的免费的电子书
-0.10744825005531311 -1.477677345275879 -0.3508661985397339 -0.05168350785970688 -0.3709366023540497 -0.035729553550481796 -0.010682305321097374 -0.024248218163847923 -0.017610613256692886 -2.365086555480957 -1.349552869796753 -1.1289480924606323 -5.3258867263793945
- got:      <S>有没有免费的免费电子书
-0.10744825005531311 -1.477677345275879 -0.3508661985397339 -0.05168350785970688 -0.3709366023540497 -0.035729553550481796 -0.010682305321097374 -0.024248218163847923 -0.017610613256692886 -2.365086555480957 -1.349552869796753 -1.1289480924606323
- got:      <S>在哪里可以免费下载书
-0.10744825005531311 -1.477677345275879 -0.3508661985397339 -0.05168350785970688 -0.3709366023540497 -0.035729553550481796 -0.010682305321097374 -0.024248218163847923 -0.017610613256692886 -2.365086555480957 -1.349552869796753
- got:      <S>哪个电子书免费下载书
-0.10744825005531311 -1.477677345275879 -0.3508661985397339 -0.05168350785970688 -0.3709366023540497 -0.035729553550481796 -0.010682305321097374 -0.024248218163847923 -0.017610613256692886 -2.365086555480957 -1.349552869796753
- got:      <S>哪个电子书免费下载
-0.10744825005531311 -1.477677345275879 -0.3508661985397339 -0.05168350785970688 -0.3709366023540497 -0.035729553550481796 -0.010682305321097374 -0.024248218163847923 -0.017610613256692886 -2.365086555480957

- source:   电脑旁边摆放什么可以减少辐射
- expected: 有什么方法可以减少电脑辐射
- got:      <S>怎样才能让我的电脑放到底放多少
-0.0977243036031723 -1.6334021091461182 -1.496077537536621 -0.30340468883514404 -1.13370943069458 -0.024638622999191284 -3.564929246902466 -2.8164470195770264 -1.7267848253250122 -0.67246413230896 -1.387355089187622 -2.8506038188934326 -1.7036535739898682 -2.4316115379333496 -1.6977124214172363 -0.5019708275794983
- got:      <S>怎样才能让我的电脑放到电脑上
-0.0977243036031723 -1.6334021091461182 -1.496077537536621 -0.30340468883514404 -1.13370943069458 -0.024638622999191284 -3.564929246902466 -2.8164470195770264 -1.7267848253250122 -0.67246413230896 -1.387355089187622 -2.8506038188934326 -1.7036535739898682 -2.4316115379333496 -1.6977124214172363
- got:      <S>怎样才能在电脑上放到电脑上
-0.0977243036031723 -1.6334021091461182 -1.496077537536621 -0.30340468883514404 -1.13370943069458 -0.024638622999191284 -3.564929246902466 -2.8164470195770264 -1.7267848253250122 -0.67246413230896 -1.387355089187622 -2.8506038188934326 -1.7036535739898682 -2.4316115379333496
- got:      <S>怎样才能在电脑上放到电脑里
-0.0977243036031723 -1.6334021091461182 -1.496077537536621 -0.30340468883514404 -1.13370943069458 -0.024638622999191284 -3.564929246902466 -2.8164470195770264 -1.7267848253250122 -0.67246413230896 -1.387355089187622 -2.8506038188934326 -1.7036535739898682 -2.4316115379333496
- got:      <S>怎样才能让我的电脑放到底
-0.0977243036031723 -1.6334021091461182 -1.496077537536621 -0.30340468883514404 -1.13370943069458 -0.024638622999191284 -3.564929246902466 -2.8164470195770264 -1.7267848253250122 -0.67246413230896 -1.387355089187622 -2.8506038188934326 -1.7036535739898682

- source:   古剑奇谭的大结局是什么
- expected: 古剑奇谭大结局是什么
- got:      <S>关于古剑奇谭的结局是什么
-0.11203091591596603 -0.49931082129478455 -0.30231547355651855 -0.3585719168186188 -0.6056762933731079 -0.20622330904006958 -0.8426797389984131 -0.3230885863304138 -0.3161906898021698 -0.20250090956687927 -7.600431442260742 -0.12862958014011383 -8.177836418151855
- got:      <S>古剑奇谭大结局是什么
-0.11203091591596603 -0.49931082129478455 -0.30231547355651855 -0.3585719168186188 -0.6056762933731079 -0.20622330904006958 -0.8426797389984131 -0.3230885863304138 -0.3161906898021698 -0.20250090956687927 -7.600431442260742
- got:      <S>古剑奇谭的结局是什么
-0.11203091591596603 -0.49931082129478455 -0.30231547355651855 -0.3585719168186188 -0.6056762933731079 -0.20622330904006958 -0.8426797389984131 -0.3230885863304138 -0.3161906898021698 -0.20250090956687927 -7.600431442260742
- got:      <S>求剑奇谭的结局是什么
-0.11203091591596603 -0.49931082129478455 -0.30231547355651855 -0.3585719168186188 -0.6056762933731079 -0.20622330904006958 -0.8426797389984131 -0.3230885863304138 -0.3161906898021698 -0.20250090956687927 -7.600431442260742
- got:      <S>求古剑奇谭大结局
-0.11203091591596603 -0.49931082129478455 -0.30231547355651855 -0.3585719168186188 -0.6056762933731079 -0.20622330904006958 -0.8426797389984131 -0.3230885863304138 -0.3161906898021698

- source:   无糖食品是否真的无糖
- expected: 无糖食品真的不含糖吗
- got:      <S>糖糖食品是不是不是不是不是不是不是不是不能吃
-0.10235584527254105 -0.6530731320381165 -0.11251827329397202 -2.024343967437744 -0.26692521572113037 -1.6199588775634766 -0.9663531184196472 -0.3109208643436432 -0.4256311357021332 -2.4384496212005615 -1.3861910104751587 -0.6518272757530212 -2.129870653152466 -1.0456674098968506 -1.7791069746017456 -1.4957239627838135 -1.7880878448486328 -1.829622745513916 -1.8442401885986328 -2.1949024200439453 -1.9200221300125122 -2.2655022144317627 -2.9388811588287354
- got:      <S>什么食物不能吃糖糖糖
-0.10235584527254105 -0.6530731320381165 -0.11251827329397202 -2.024343967437744 -0.26692521572113037 -1.6199588775634766 -0.9663531184196472 -0.3109208643436432 -0.4256311357021332 -2.4384496212005615 -1.3861910104751587
- got:      <S>不糖食品是不是糖糖
-0.10235584527254105 -0.6530731320381165 -0.11251827329397202 -2.024343967437744 -0.26692521572113037 -1.6199588775634766 -0.9663531184196472 -0.3109208643436432 -0.4256311357021332 -2.4384496212005615
- got:      <S>无糖食品是不是糖糖
-0.10235584527254105 -0.6530731320381165 -0.11251827329397202 -2.024343967437744 -0.26692521572113037 -1.6199588775634766 -0.9663531184196472 -0.3109208643436432 -0.4256311357021332 -2.4384496212005615
- got:      <S>无糖食品是不是糖
-0.10235584527254105 -0.6530731320381165 -0.11251827329397202 -2.024343967437744 -0.26692521572113037 -1.6199588775634766 -0.9663531184196472 -0.3109208643436432 -0.4256311357021332

- source:   怎么更换还款卡
- expected: 如何更改还款很行卡
- got:      <S>更换卡还款怎么更换
-0.09981579333543777 -1.8109956979751587 -1.2253090143203735 -0.9535417556762695 -0.4171036183834076 -0.17154784500598907 -0.10860730707645416 -0.10721878707408905 -0.12353745102882385 -0.13365806639194489
- got:      <S>换卡还款怎么更换
-0.09981579333543777 -1.8109956979751587 -1.2253090143203735 -0.9535417556762695 -0.4171036183834076 -0.17154784500598907 -0.10860730707645416 -0.10721878707408905 -0.12353745102882385
- got:      <S>卡换还款怎么更换
-0.09981579333543777 -1.8109956979751587 -1.2253090143203735 -0.9535417556762695 -0.4171036183834076 -0.17154784500598907 -0.10860730707645416 -0.10721878707408905 -0.12353745102882385
- got:      <S>如何更换卡
-0.09981579333543777 -1.8109956979751587 -1.2253090143203735 -0.9535417556762695 -0.4171036183834076 -0.17154784500598907
- got:      <S>怎么更换卡
-0.09981579333543777 -1.8109956979751587 -1.2253090143203735 -0.9535417556762695 -0.4171036183834076 -0.17154784500598907

- source:   这个动物到底是什么
- expected: 这到底是什么动物
- got:      <S>谁知道这个动物是什么意思
-0.1015668511390686 -2.8741633892059326 -0.9279211759567261 -0.09676036238670349 -2.3052942752838135 -0.020139843225479126 -0.41772541403770447 -0.19903554022312164 -2.942379951477051 -0.08729559183120728 -0.10338859260082245 -1.8692944049835205 -0.0835191085934639
- got:      <S>这个动物是什么意思
-0.1015668511390686 -2.8741633892059326 -0.9279211759567261 -0.09676036238670349 -2.3052942752838135 -0.020139843225479126 -0.41772541403770447 -0.19903554022312164 -2.942379951477051 -0.08729559183120728
- got:      <S>动物动物是什么
-0.1015668511390686 -2.8741633892059326 -0.9279211759567261 -0.09676036238670349 -2.3052942752838135 -0.020139843225479126 -0.41772541403770447 -0.19903554022312164
- got:      <S>什么是动物动物
-0.1015668511390686 -2.8741633892059326 -0.9279211759567261 -0.09676036238670349 -2.3052942752838135 -0.020139843225479126 -0.41772541403770447 -0.19903554022312164
- got:      <S>什么动物动物
-0.1015668511390686 -2.8741633892059326 -0.9279211759567261 -0.09676036238670349 -2.3052942752838135 -0.020139843225479126 -0.41772541403770447

- source:   看电影那些网站比较好
- expected: 看电影比较好的网站
- got:      <S>最好看的网络电影排行榜
-0.1095653548836708 -2.2479653358459473 -0.5076916813850403 -0.2867705225944519 -0.46155989170074463 -0.21347148716449738 -2.402881145477295 -0.41600659489631653 -0.28394749760627747 -0.3343163728713989 -0.48947304487228394 -0.29673370718955994
- got:      <S>最好看的网络电影排名
-0.1095653548836708 -2.2479653358459473 -0.5076916813850403 -0.2867705225944519 -0.46155989170074463 -0.21347148716449738 -2.402881145477295 -0.41600659489631653 -0.28394749760627747 -0.3343163728713989 -0.48947304487228394
- got:      <S>看电影网站排行榜
-0.1095653548836708 -2.2479653358459473 -0.5076916813850403 -0.2867705225944519 -0.46155989170074463 -0.21347148716449738 -2.402881145477295 -0.41600659489631653 -0.28394749760627747
- got:      <S>有哪些好看的网站
-0.1095653548836708 -2.2479653358459473 -0.5076916813850403 -0.2867705225944519 -0.46155989170074463 -0.21347148716449738 -2.402881145477295 -0.41600659489631653 -0.28394749760627747
- got:      <S>看电影网站排名
-0.1095653548836708 -2.2479653358459473 -0.5076916813850403 -0.2867705225944519 -0.46155989170074463 -0.21347148716449738 -2.402881145477295 -0.41600659489631653

- source:   什么样的女人是好女人
- expected: 什么样的女人是好女人
- got:      <S>一个女人的女人是什么女人
-0.10083241015672684 -0.5733713507652283 -0.9488407373428345 -0.1980905830860138 -0.06494082510471344 -1.767717719078064 -1.6331264972686768 -2.2639715671539307 -2.629021644592285 -1.1484379768371582 -7.480181694030762 -1.51015305519104 -1.0552949905395508
- got:      <S>哪个女人的女人好
-0.10083241015672684 -0.5733713507652283 -0.9488407373428345 -0.1980905830860138 -0.06494082510471344 -1.767717719078064 -1.6331264972686768 -2.2639715671539307 -2.629021644592285
- got:      <S>哪个女人好看
-0.10083241015672684 -0.5733713507652283 -0.9488407373428345 -0.1980905830860138 -0.06494082510471344 -1.767717719078064 -1.6331264972686768
- got:      <S>什么是女人
-0.10083241015672684 -0.5733713507652283 -0.9488407373428345 -0.1980905830860138 -0.06494082510471344 -1.767717719078064
- got:      <S>哪个女人好
-0.10083241015672684 -0.5733713507652283 -0.9488407373428345 -0.1980905830860138 -0.06494082510471344 -1.767717719078064

- source:   我是歌手第二季什么时候直播
- expected: 怎么看我是歌手第二季直播
- got:      <S>歌手第二季什么时候直播
-0.0974731370806694 -0.24488529562950134 -1.195428729057312 -0.598042368888855 -0.19689913094043732 -0.8260658383369446 -2.4278743267059326 -0.020750107243657112 -0.20929749310016632 -2.1469483375549316 -1.5602281093597412 -0.022132771089673042
- got:      <S>手机第二季什么时候直播
-0.0974731370806694 -0.24488529562950134 -1.195428729057312 -0.598042368888855 -0.19689913094043732 -0.8260658383369446 -2.4278743267059326 -0.020750107243657112 -0.20929749310016632 -2.1469483375549316 -1.5602281093597412 -0.022132771089673042
- got:      <S>第二季什么时候直播
-0.0974731370806694 -0.24488529562950134 -1.195428729057312 -0.598042368888855 -0.19689913094043732 -0.8260658383369446 -2.4278743267059326 -0.020750107243657112 -0.20929749310016632 -2.1469483375549316
- got:      <S>第二季什么时候播出
-0.0974731370806694 -0.24488529562950134 -1.195428729057312 -0.598042368888855 -0.19689913094043732 -0.8260658383369446 -2.4278743267059326 -0.020750107243657112 -0.20929749310016632 -2.1469483375549316
- got:      <S>手机第二季直播间
-0.0974731370806694 -0.24488529562950134 -1.195428729057312 -0.598042368888855 -0.19689913094043732 -0.8260658383369446 -2.4278743267059326 -0.020750107243657112 -0.20929749310016632

- source:   求一部欧美电影名
- expected: 我想找一部欧美电影
- got:      <S>2016年欧美的电影排名
-0.11881723999977112 -0.7199488878250122 -1.241920828819275 -0.1315593272447586 -0.1998753696680069 -0.3439745306968689 -0.05439097806811333 -0.03216051682829857 -0.15208038687705994 -1.1101943254470825 -0.15334637463092804 -1.2609519958496094 -0.7698394656181335
- got:      <S>2017年欧美的电影排名
-0.11881723999977112 -0.7199488878250122 -1.241920828819275 -0.1315593272447586 -0.1998753696680069 -0.3439745306968689 -0.05439097806811333 -0.03216051682829857 -0.15208038687705994 -1.1101943254470825 -0.15334637463092804 -1.2609519958496094 -0.7698394656181335
- got:      <S>2016欧美电影排名
-0.11881723999977112 -0.7199488878250122 -1.241920828819275 -0.1315593272447586 -0.1998753696680069 -0.3439745306968689 -0.05439097806811333 -0.03216051682829857 -0.15208038687705994 -1.1101943254470825 -0.15334637463092804
- got:      <S>2017欧美电影排名
-0.11881723999977112 -0.7199488878250122 -1.241920828819275 -0.1315593272447586 -0.1998753696680069 -0.3439745306968689 -0.05439097806811333 -0.03216051682829857 -0.15208038687705994 -1.1101943254470825 -0.15334637463092804
- got:      <S>有没有好看的欧美电影
-0.11881723999977112 -0.7199488878250122 -1.241920828819275 -0.1315593272447586 -0.1998753696680069 -0.3439745306968689 -0.05439097806811333 -0.03216051682829857 -0.15208038687705994 -1.1101943254470825 -0.15334637463092804

- source:   怎样快速学会用拼音打字
- expected: 怎样快速学会拼音打字
- got:      <S>如何快速打字拼音
-0.1067456603050232 -1.1326186656951904 -0.5899577140808105 -1.967973232269287 -0.9248082637786865 -1.1590874195098877 -0.9413762092590332 -1.02528977394104 -0.1612076461315155
- got:      <S>怎样打字拼音
-0.1067456603050232 -1.1326186656951904 -0.5899577140808105 -1.967973232269287 -0.9248082637786865 -1.1590874195098877 -0.9413762092590332
- got:      <S>怎么打字拼音
-0.1067456603050232 -1.1326186656951904 -0.5899577140808105 -1.967973232269287 -0.9248082637786865 -1.1590874195098877 -0.9413762092590332
- got:      <S>打字怎么打字
-0.1067456603050232 -1.1326186656951904 -0.5899577140808105 -1.967973232269287 -0.9248082637786865 -1.1590874195098877 -0.9413762092590332
- got:      <S>拼音怎么打字
-0.1067456603050232 -1.1326186656951904 -0.5899577140808105 -1.967973232269287 -0.9248082637786865 -1.1590874195098877 -0.9413762092590332

- source:   有没有什么好电影推荐
- expected: 有没有什么好电影推荐下
- got:      <S>2017年有哪些好看的电影
-0.11587280035018921 -1.1782233715057373 -0.138955220580101 -0.11380062252283096 -0.1176343560218811 -0.5232455730438232 -0.2743273079395294 -0.7984333038330078 -0.178315207362175 -0.4254002571105957 -0.04789542034268379 -0.2396085411310196 -3.603644609451294 -0.13073112070560455
- got:      <S>2017年有什么好看的电影
-0.11587280035018921 -1.1782233715057373 -0.138955220580101 -0.11380062252283096 -0.1176343560218811 -0.5232455730438232 -0.2743273079395294 -0.7984333038330078 -0.178315207362175 -0.4254002571105957 -0.04789542034268379 -0.2396085411310196 -3.603644609451294 -0.13073112070560455
- got:      <S>有什么好看的电影推荐
-0.11587280035018921 -1.1782233715057373 -0.138955220580101 -0.11380062252283096 -0.1176343560218811 -0.5232455730438232 -0.2743273079395294 -0.7984333038330078 -0.178315207362175 -0.4254002571105957 -0.04789542034268379
- got:      <S>有没有好看的电影推荐
-0.11587280035018921 -1.1782233715057373 -0.138955220580101 -0.11380062252283096 -0.1176343560218811 -0.5232455730438232 -0.2743273079395294 -0.7984333038330078 -0.178315207362175 -0.4254002571105957 -0.04789542034268379
- got:      <S>哪个电影好看
-0.11587280035018921 -1.1782233715057373 -0.138955220580101 -0.11380062252283096 -0.1176343560218811 -0.5232455730438232 -0.2743273079395294

- source:   借一万一天利息是多少啊
- expected: 一千元一天多少利息
- got:      <S>100000000000000000000000000
-0.09610316902399063 -1.8040821552276611 -0.1909692883491516 -0.9098103642463684 -0.8951212763786316 -0.2641204595565796 -1.0040000677108765 -1.8749085664749146 -1.934385061264038 -0.31778427958488464 -1.2263052463531494 -1.3698207139968872 -1.3879694938659668 -1.487351417541504 -1.5268375873565674 -1.5597959756851196 -1.6657088994979858 -1.7179611921310425 -1.787999153137207 -1.8163596391677856 -1.8654218912124634 -1.9101027250289917 -1.887243390083313 -1.9687711000442505 -2.0099117755889893 -2.028135299682617 -2.074044942855835 -2.0773355960845947
- got:      <S>借一万一万利息是多少
-0.09610316902399063 -1.8040821552276611 -0.1909692883491516 -0.9098103642463684 -0.8951212763786316 -0.2641204595565796 -1.0040000677108765 -1.8749085664749146 -1.934385061264038 -0.31778427958488464 -1.2263052463531494
- got:      <S>10万一万利息多少
-0.09610316902399063 -1.8040821552276611 -0.1909692883491516 -0.9098103642463684 -0.8951212763786316 -0.2641204595565796 -1.0040000677108765 -1.8749085664749146 -1.934385061264038 -0.31778427958488464
- got:      <S>借一万一万利息多少
-0.09610316902399063 -1.8040821552276611 -0.1909692883491516 -0.9098103642463684 -0.8951212763786316 -0.2641204595565796 -1.0040000677108765 -1.8749085664749146 -1.934385061264038 -0.31778427958488464
- got:      <S>万一万一万利息多少
-0.09610316902399063 -1.8040821552276611 -0.1909692883491516 -0.9098103642463684 -0.8951212763786316 -0.2641204595565796 -1.0040000677108765 -1.8749085664749146 -1.934385061264038 -0.31778427958488464

- source:   怎么能让对方看不到我的微信号
- expected: 怎么让别人看不到微信号
- got:      <S>我的微信号怎么看不到我的微信号
-0.10579980909824371 -1.3668146133422852 -2.11490797996521 -0.716018557548523 -0.30202987790107727 -0.045599762350320816 -0.09034496545791626 -0.3177843689918518 -1.2965664863586426 -0.4279973804950714 -0.8221695423126221 -6.677331924438477 -0.051117099821567535 -0.05128517746925354 -0.039792947471141815 -0.308600515127182
- got:      <S>如何查看微信号不到我的微信号
-0.10579980909824371 -1.3668146133422852 -2.11490797996521 -0.716018557548523 -0.30202987790107727 -0.045599762350320816 -0.09034496545791626 -0.3177843689918518 -1.2965664863586426 -0.4279973804950714 -0.8221695423126221 -6.677331924438477 -0.051117099821567535 -0.05128517746925354 -0.039792947471141815
- got:      <S>微信号怎么看不到我的微信号
-0.10579980909824371 -1.3668146133422852 -2.11490797996521 -0.716018557548523 -0.30202987790107727 -0.045599762350320816 -0.09034496545791626 -0.3177843689918518 -1.2965664863586426 -0.4279973804950714 -0.8221695423126221 -6.677331924438477 -0.051117099821567535 -0.05128517746925354
- got:      <S>微信怎么看不到我的微信号
-0.10579980909824371 -1.3668146133422852 -2.11490797996521 -0.716018557548523 -0.30202987790107727 -0.045599762350320816 -0.09034496545791626 -0.3177843689918518 -1.2965664863586426 -0.4279973804950714 -0.8221695423126221 -6.677331924438477 -0.051117099821567535
- got:      <S>怎么看自己的微信号
-0.10579980909824371 -1.3668146133422852 -2.11490797996521 -0.716018557548523 -0.30202987790107727 -0.045599762350320816 -0.09034496545791626 -0.3177843689918518 -1.2965664863586426 -0.4279973804950714

- source:   手动申购和自动申购的区别
- expected: 自动申购和手动申购的区别
- got:      <S>购买手动自动申购和自动购的区别
-0.10212014615535736 -1.527314305305481 -0.8620805740356445 -1.87314772605896 -0.6337161660194397 -2.0985493659973145 -0.6199312210083008 -1.6492900848388672 -0.2790305018424988 -2.2711055278778076 -1.5112203359603882 -0.04032161086797714 -0.19801460206508636 -1.3726606369018555 -0.11902754753828049 -7.834926605224609
- got:      <S>购买手动自动购的区别是什么
-0.10212014615535736 -1.527314305305481 -0.8620805740356445 -1.87314772605896 -0.6337161660194397 -2.0985493659973145 -0.6199312210083008 -1.6492900848388672 -0.2790305018424988 -2.2711055278778076 -1.5112203359603882 -0.04032161086797714 -0.19801460206508636 -1.3726606369018555
- got:      <S>购买手动和自动购的区别
-0.10212014615535736 -1.527314305305481 -0.8620805740356445 -1.87314772605896 -0.6337161660194397 -2.0985493659973145 -0.6199312210083008 -1.6492900848388672 -0.2790305018424988 -2.2711055278778076 -1.5112203359603882 -0.04032161086797714
- got:      <S>购买手动自动申购的区别
-0.10212014615535736 -1.527314305305481 -0.8620805740356445 -1.87314772605896 -0.6337161660194397 -2.0985493659973145 -0.6199312210083008 -1.6492900848388672 -0.2790305018424988 -2.2711055278778076 -1.5112203359603882 -0.04032161086797714
- got:      <S>购买手动自动购的区别
-0.10212014615535736 -1.527314305305481 -0.8620805740356445 -1.87314772605896 -0.6337161660194397 -2.0985493659973145 -0.6199312210083008 -1.6492900848388672 -0.2790305018424988 -2.2711055278778076 -1.5112203359603882

- source:   有什么可以下载最新电影的网站
- expected: 现在什么网站可以看最新电影
- got:      <S>什么电影网站可以下载的网站
-0.1021992564201355 -1.784350872039795 -0.8152213096618652 -0.09982302039861679 -0.40496113896369934 -0.7196270227432251 -0.06883817166090012 -0.5963313579559326 -0.04851521924138069 -0.39696386456489563 -0.7755430936813354 -0.8231796622276306 -1.0316506624221802 -0.5408235192298889
- got:      <S>什么电影可以下载的网站
-0.1021992564201355 -1.784350872039795 -0.8152213096618652 -0.09982302039861679 -0.40496113896369934 -0.7196270227432251 -0.06883817166090012 -0.5963313579559326 -0.04851521924138069 -0.39696386456489563 -0.7755430936813354 -0.8231796622276306
- got:      <S>什么电脑可以下载的网站
-0.1021992564201355 -1.784350872039795 -0.8152213096618652 -0.09982302039861679 -0.40496113896369934 -0.7196270227432251 -0.06883817166090012 -0.5963313579559326 -0.04851521924138069 -0.39696386456489563 -0.7755430936813354 -0.8231796622276306
- got:      <S>什么电影可以下载网站
-0.1021992564201355 -1.784350872039795 -0.8152213096618652 -0.09982302039861679 -0.40496113896369934 -0.7196270227432251 -0.06883817166090012 -0.5963313579559326 -0.04851521924138069 -0.39696386456489563 -0.7755430936813354
- got:      <S>什么电脑可以下载网站
-0.1021992564201355 -1.784350872039795 -0.8152213096618652 -0.09982302039861679 -0.40496113896369934 -0.7196270227432251 -0.06883817166090012 -0.5963313579559326 -0.04851521924138069 -0.39696386456489563 -0.7755430936813354

- source:   为啥我开不了户
- expected: 一直开不了户咋回事
- got:      <S>我开不开户了户怎么办
-0.10062266141176224 -1.0217311382293701 -0.2115391194820404 -1.4771367311477661 -0.5980114340782166 -0.6157682538032532 -1.1223701238632202 -0.10778844356536865 -1.9030343294143677 -0.11052387207746506 -3.0927248001098633
- got:      <S>我开不开户了怎么办
-0.10062266141176224 -1.0217311382293701 -0.2115391194820404 -1.4771367311477661 -0.5980114340782166 -0.6157682538032532 -1.1223701238632202 -0.10778844356536865 -1.9030343294143677 -0.11052387207746506
- got:      <S>电脑开不了户怎么办
-0.10062266141176224 -1.0217311382293701 -0.2115391194820404 -1.4771367311477661 -0.5980114340782166 -0.6157682538032532 -1.1223701238632202 -0.10778844356536865 -1.9030343294143677 -0.11052387207746506
- got:      <S>我开不开户怎么办
-0.10062266141176224 -1.0217311382293701 -0.2115391194820404 -1.4771367311477661 -0.5980114340782166 -0.6157682538032532 -1.1223701238632202 -0.10778844356536865 -1.9030343294143677
- got:      <S>为什么我开不了户
-0.10062266141176224 -1.0217311382293701 -0.2115391194820404 -1.4771367311477661 -0.5980114340782166 -0.6157682538032532 -1.1223701238632202 -0.10778844356536865 -1.9030343294143677

- source:   哪款面膜好用
- expected: 哪款面膜好用啊
- got:      <S>什么面膜好用面膜面膜好用
-0.10148435086011887 -1.2413932085037231 -1.9593511819839478 -0.04428112134337425 -0.0064527965150773525 -0.003813615068793297 -0.7253586053848267 -0.34357935190200806 -7.666502952575684 -0.9110070466995239 -0.8922026753425598 -1.745729684829712 -3.0943222045898438
- got:      <S>哪种面膜好用面膜好用
-0.10148435086011887 -1.2413932085037231 -1.9593511819839478 -0.04428112134337425 -0.0064527965150773525 -0.003813615068793297 -0.7253586053848267 -0.34357935190200806 -7.666502952575684 -0.9110070466995239 -0.8922026753425598
- got:      <S>哪个面膜好用面膜好用
-0.10148435086011887 -1.2413932085037231 -1.9593511819839478 -0.04428112134337425 -0.0064527965150773525 -0.003813615068793297 -0.7253586053848267 -0.34357935190200806 -7.666502952575684 -0.9110070466995239 -0.8922026753425598
- got:      <S>面膜面膜哪个好用
-0.10148435086011887 -1.2413932085037231 -1.9593511819839478 -0.04428112134337425 -0.0064527965150773525 -0.003813615068793297 -0.7253586053848267 -0.34357935190200806 -7.666502952575684
- got:      <S>用什么面膜好
-0.10148435086011887 -1.2413932085037231 -1.9593511819839478 -0.04428112134337425 -0.0064527965150773525 -0.003813615068793297 -0.7253586053848267

- source:   述职报告怎么写
- expected: 怎么样做述职报告
- got:      <S>怎样写职工作报告
-0.11506518721580505 -2.2895736694335938 -0.09958100318908691 -1.3507550954818726 -0.716049075126648 -1.9213987588882446 -1.9461605548858643 -0.6227115988731384 -6.166726112365723
- got:      <S>怎样写职工报告
-0.11506518721580505 -2.2895736694335938 -0.09958100318908691 -1.3507550954818726 -0.716049075126648 -1.9213987588882446 -1.9461605548858643 -0.6227115988731384
- got:      <S>怎么写职工报告
-0.11506518721580505 -2.2895736694335938 -0.09958100318908691 -1.3507550954818726 -0.716049075126648 -1.9213987588882446 -1.9461605548858643 -0.6227115988731384
- got:      <S>怎样写职报告
-0.11506518721580505 -2.2895736694335938 -0.09958100318908691 -1.3507550954818726 -0.716049075126648 -1.9213987588882446 -1.9461605548858643
- got:      <S>怎么写职报告
-0.11506518721580505 -2.2895736694335938 -0.09958100318908691 -1.3507550954818726 -0.716049075126648 -1.9213987588882446 -1.9461605548858643

- source:   如何清洗汽车发动机积碳
- expected: 如何清洗汽车发动机
- got:      <S>自动车怎么清洗发动机
-0.10179244726896286 -1.643361210823059 -0.5862359404563904 -0.8259116411209106 -1.3868662118911743 -0.2473188191652298 -0.10669830441474915 -0.6795227527618408 -2.4850687980651855 -0.13593775033950806 -3.9197850227355957
- got:      <S>自动车发动机积怎么办
-0.10179244726896286 -1.643361210823059 -0.5862359404563904 -0.8259116411209106 -1.3868662118911743 -0.2473188191652298 -0.10669830441474915 -0.6795227527618408 -2.4850687980651855 -0.13593775033950806 -3.9197850227355957
- got:      <S>怎么清洗汽车发动机
-0.10179244726896286 -1.643361210823059 -0.5862359404563904 -0.8259116411209106 -1.3868662118911743 -0.2473188191652298 -0.10669830441474915 -0.6795227527618408 -2.4850687980651855 -0.13593775033950806
- got:      <S>如何清洗发动机积
-0.10179244726896286 -1.643361210823059 -0.5862359404563904 -0.8259116411209106 -1.3868662118911743 -0.2473188191652298 -0.10669830441474915 -0.6795227527618408 -2.4850687980651855
- got:      <S>如何清洗发动机
-0.10179244726896286 -1.643361210823059 -0.5862359404563904 -0.8259116411209106 -1.3868662118911743 -0.2473188191652298 -0.10669830441474915 -0.6795227527618408

- source:   如何一夜暴富
- expected: 如何一夜暴富
- got:      <S>夜富暴涨富是什么意思
-0.10547846555709839 -2.165235757827759 -0.2836795747280121 -2.2210073471069336 -0.580843448638916 -2.081282138824463 -1.880437970161438 -1.123331069946289 -0.10949109494686127 -2.9179365634918213 -0.27103540301322937
- got:      <S>夜富暴涨富是什么原因
-0.10547846555709839 -2.165235757827759 -0.2836795747280121 -2.2210073471069336 -0.580843448638916 -2.081282138824463 -1.880437970161438 -1.123331069946289 -0.10949109494686127 -2.9179365634918213 -0.27103540301322937
- got:      <S>如何暴涨夜的富
-0.10547846555709839 -2.165235757827759 -0.2836795747280121 -2.2210073471069336 -0.580843448638916 -2.081282138824463 -1.880437970161438 -1.123331069946289
- got:      <S>如何暴涨夜富
-0.10547846555709839 -2.165235757827759 -0.2836795747280121 -2.2210073471069336 -0.580843448638916 -2.081282138824463 -1.880437970161438
- got:      <S>夜富怎么样
-0.10547846555709839 -2.165235757827759 -0.2836795747280121 -2.2210073471069336 -0.580843448638916 -2.081282138824463

- source:   具体的情况是需要您在联系下淘宝的热线的工作人员核实的
- expected: 这个情况是需要您联系下淘宝的热线的工作人员为您核实的
- got:      <S>淘宝上的淘宝客的工作原理是什么
-0.1031615287065506 -1.6332911252975464 -0.29206380248069763 -0.11029393970966339 -1.5601716041564941 -2.4933862686157227 -0.4660930931568146 -0.13305191695690155 -2.2708933353424072 -2.6434571743011475 -1.877970814704895 -2.780454158782959 -2.8732903003692627 -2.413660764694214 -0.1975046694278717 -0.09416621923446655
- got:      <S>淘宝上的淘宝客的工作原因是什么
-0.1031615287065506 -1.6332911252975464 -0.29206380248069763 -0.11029393970966339 -1.5601716041564941 -2.4933862686157227 -0.4660930931568146 -0.13305191695690155 -2.2708933353424072 -2.6434571743011475 -1.877970814704895 -2.780454158782959 -2.8732903003692627 -2.413660764694214 -0.1975046694278717 -0.09416621923446655
- got:      <S>淘宝上的淘宝客的工作原因有哪些
-0.1031615287065506 -1.6332911252975464 -0.29206380248069763 -0.11029393970966339 -1.5601716041564941 -2.4933862686157227 -0.4660930931568146 -0.13305191695690155 -2.2708933353424072 -2.6434571743011475 -1.877970814704895 -2.780454158782959 -2.8732903003692627 -2.413660764694214 -0.1975046694278717 -0.09416621923446655
- got:      <S>淘宝上的淘宝客的工作原因
-0.1031615287065506 -1.6332911252975464 -0.29206380248069763 -0.11029393970966339 -1.5601716041564941 -2.4933862686157227 -0.4660930931568146 -0.13305191695690155 -2.2708933353424072 -2.6434571743011475 -1.877970814704895 -2.780454158782959 -2.8732903003692627
- got:      <S>淘宝上的淘宝客的工作原理
-0.1031615287065506 -1.6332911252975464 -0.29206380248069763 -0.11029393970966339 -1.5601716041564941 -2.4933862686157227 -0.4660930931568146 -0.13305191695690155 -2.2708933353424072 -2.6434571743011475 -1.877970814704895 -2.780454158782959 -2.8732903003692627

- source:   高考加分问题
- expected: 高考加分问题
- got:      <S>2016年高考分数线
-0.10189085453748703 -0.7270717024803162 -2.0682859420776367 -2.5001330375671387 -0.028258200734853745 -0.3429420292377472 -0.034791313111782074 -0.03963896632194519 -0.4499284029006958 -0.42732682824134827 -3.8408637046813965
- got:      <S>2017年高考分数线
-0.10189085453748703 -0.7270717024803162 -2.0682859420776367 -2.5001330375671387 -0.028258200734853745 -0.3429420292377472 -0.034791313111782074 -0.03963896632194519 -0.4499284029006958 -0.42732682824134827 -3.8408637046813965
- got:      <S>2016高考分数线
-0.10189085453748703 -0.7270717024803162 -2.0682859420776367 -2.5001330375671387 -0.028258200734853745 -0.3429420292377472 -0.034791313111782074 -0.03963896632194519 -0.4499284029006958 -0.42732682824134827
- got:      <S>如何加入高考的问题
-0.10189085453748703 -0.7270717024803162 -2.0682859420776367 -2.5001330375671387 -0.028258200734853745 -0.3429420292377472 -0.034791313111782074 -0.03963896632194519 -0.4499284029006958 -0.42732682824134827
- got:      <S>如何加入高考问题
-0.10189085453748703 -0.7270717024803162 -2.0682859420776367 -2.5001330375671387 -0.028258200734853745 -0.3429420292377472 -0.034791313111782074 -0.03963896632194519 -0.4499284029006958

- source:   电话更改了
- expected: 怎么样更改电话号码
- got:      <S>网上更改了电话怎么办
-0.10481946915388107 -0.801033616065979 -1.3424193859100342 -2.3111279010772705 -0.03196471557021141 -0.5527971386909485 -1.627402663230896 -0.07081343233585358 -3.207498073577881 -0.1147337332367897 -1.3990190029144287
- got:      <S>如何修改电话
-0.10481946915388107 -0.801033616065979 -1.3424193859100342 -2.3111279010772705 -0.03196471557021141 -0.5527971386909485 -1.627402663230896
- got:      <S>如何更改电话
-0.10481946915388107 -0.801033616065979 -1.3424193859100342 -2.3111279010772705 -0.03196471557021141 -0.5527971386909485 -1.627402663230896
- got:      <S>怎么改变电话
-0.10481946915388107 -0.801033616065979 -1.3424193859100342 -2.3111279010772705 -0.03196471557021141 -0.5527971386909485 -1.627402663230896
- got:      <S>怎么更改电话
-0.10481946915388107 -0.801033616065979 -1.3424193859100342 -2.3111279010772705 -0.03196471557021141 -0.5527971386909485 -1.627402663230896

- source:   邀请
- expected: 1何时会邀请我使用微粒贷
- got:      <S>怎么样才能邀请邀请码
-0.0993318110704422 -2.644190549850464 -0.2854418158531189 -2.07354474067688 -0.2350122630596161 -0.8290352821350098 -1.9045923948287964 -0.15330210328102112 -0.17687901854515076 -0.8180404901504517 -0.6244564056396484
- got:      <S>怎样邀请邀请邀请码
-0.0993318110704422 -2.644190549850464 -0.2854418158531189 -2.07354474067688 -0.2350122630596161 -0.8290352821350098 -1.9045923948287964 -0.15330210328102112 -0.17687901854515076 -0.8180404901504517
- got:      <S>怎么邀请邀请邀请码
-0.0993318110704422 -2.644190549850464 -0.2854418158531189 -2.07354474067688 -0.2350122630596161 -0.8290352821350098 -1.9045923948287964 -0.15330210328102112 -0.17687901854515076 -0.8180404901504517
- got:      <S>怎么样才是邀请码
-0.0993318110704422 -2.644190549850464 -0.2854418158531189 -2.07354474067688 -0.2350122630596161 -0.8290352821350098 -1.9045923948287964 -0.15330210328102112 -0.17687901854515076
- got:      <S>怎么邀请邀请码
-0.0993318110704422 -2.644190549850464 -0.2854418158531189 -2.07354474067688 -0.2350122630596161 -0.8290352821350098 -1.9045923948287964 -0.15330210328102112

- source:   迅雷看看的问题
- expected: 迅雷看看的快进问题
- got:      <S>电脑迅雷怎么看不到了
-0.11222326755523682 -0.5970916748046875 -0.6869729161262512 -1.391261339187622 -0.10902129113674164 -0.39874109625816345 -0.10042105615139008 -0.2120896875858307 -1.5049114227294922 -1.0785551071166992 -1.7507073879241943
- got:      <S>电脑迅雷怎么看不了
-0.11222326755523682 -0.5970916748046875 -0.6869729161262512 -1.391261339187622 -0.10902129113674164 -0.39874109625816345 -0.10042105615139008 -0.2120896875858307 -1.5049114227294922 -1.0785551071166992
- got:      <S>为什么迅雷看不到了
-0.11222326755523682 -0.5970916748046875 -0.6869729161262512 -1.391261339187622 -0.10902129113674164 -0.39874109625816345 -0.10042105615139008 -0.2120896875858307 -1.5049114227294922 -1.0785551071166992
- got:      <S>怎么看迅雷看不了
-0.11222326755523682 -0.5970916748046875 -0.6869729161262512 -1.391261339187622 -0.10902129113674164 -0.39874109625816345 -0.10042105615139008 -0.2120896875858307 -1.5049114227294922
- got:      <S>为什么迅雷看不了
-0.11222326755523682 -0.5970916748046875 -0.6869729161262512 -1.391261339187622 -0.10902129113674164 -0.39874109625816345 -0.10042105615139008 -0.2120896875858307 -1.5049114227294922

- source:   这个淘宝男模是谁
- expected: 这个淘宝男模叫什么啊
- got:      <S>天猫男主角是谁<UNK>
-0.10789493471384048 -1.7015153169631958 -1.5463354587554932 -2.3195228576660156 -0.05963848531246185 -2.6325039863586426 -1.5660903453826904 -1.3516192436218262 -2.2813966274261475 -1.9093514680862427 1.0 1.0 1.0
- got:      <S>天天猫男主角是谁
-0.10789493471384048 -1.7015153169631958 -1.5463354587554932 -2.3195228576660156 -0.05963848531246185 -2.6325039863586426 -1.5660903453826904 -1.3516192436218262 -2.2813966274261475
- got:      <S>天天猫男主要是谁
-0.10789493471384048 -1.7015153169631958 -1.5463354587554932 -2.3195228576660156 -0.05963848531246185 -2.6325039863586426 -1.5660903453826904 -1.3516192436218262 -2.2813966274261475
- got:      <S>天猫男主角是谁
-0.10789493471384048 -1.7015153169631958 -1.5463354587554932 -2.3195228576660156 -0.05963848531246185 -2.6325039863586426 -1.5660903453826904 -1.3516192436218262
- got:      <S>天猫男主要是谁
-0.10789493471384048 -1.7015153169631958 -1.5463354587554932 -2.3195228576660156 -0.05963848531246185 -2.6325039863586426 -1.5660903453826904 -1.3516192436218262

- source:   借呗多久之后算逾期
- expected: 借呗最迟是几点还不算逾期
- got:      <S>蚂蚁多长期算后还能用吗
-0.0957549661397934 -1.6206554174423218 -1.475906252861023 -2.167116165161133 -0.11862392723560333 -1.3192299604415894 -1.5526257753372192 -1.2778128385543823 -1.845271110534668 -2.389068365097046 -3.1575708389282227 -2.098013162612915
- got:      <S>蚂蚁多长时间算逾期<UNK>
-0.0957549661397934 -1.6206554174423218 -1.475906252861023 -2.167116165161133 -0.11862392723560333 -1.3192299604415894 -1.5526257753372192 -1.2778128385543823 -1.845271110534668 -2.389068365097046 -3.1575708389282227 -2.098013162612915 -2.583134412765503 1.0 1.0
- got:      <S>蚂蚁多长期算后还能用
-0.0957549661397934 -1.6206554174423218 -1.475906252861023 -2.167116165161133 -0.11862392723560333 -1.3192299604415894 -1.5526257753372192 -1.2778128385543823 -1.845271110534668 -2.389068365097046 -3.1575708389282227
- got:      <S>蚂蚁多长时间算逾期
-0.0957549661397934 -1.6206554174423218 -1.475906252861023 -2.167116165161133 -0.11862392723560333 -1.3192299604415894 -1.5526257753372192 -1.2778128385543823 -1.845271110534668 -2.389068365097046
- got:      <S>蚂蚁多长期算后期
-0.0957549661397934 -1.6206554174423218 -1.475906252861023 -2.167116165161133 -0.11862392723560333 -1.3192299604415894 -1.5526257753372192 -1.2778128385543823 -1.845271110534668

- source:   你们什么时候可以借钱
- expected: 何时可以参加微粒贷
- got:      <S>我想知道什么时候可以借钱
-0.10453646630048752 -2.1184701919555664 -0.4386924207210541 -1.559617280960083 -0.07997572422027588 -0.21128660440444946 -0.09884554147720337 -0.10726536810398102 -0.296216756105423 -0.8951963186264038 -0.09106700867414474 -0.4311983287334442 -0.707705557346344
- got:      <S>2017年什么时候借钱
-0.10453646630048752 -2.1184701919555664 -0.4386924207210541 -1.559617280960083 -0.07997572422027588 -0.21128660440444946 -0.09884554147720337 -0.10726536810398102 -0.296216756105423 -0.8951963186264038 -0.09106700867414474 -0.4311983287334442
- got:      <S>2016年什么时候借钱
-0.10453646630048752 -2.1184701919555664 -0.4386924207210541 -1.559617280960083 -0.07997572422027588 -0.21128660440444946 -0.09884554147720337 -0.10726536810398102 -0.296216756105423 -0.8951963186264038 -0.09106700867414474 -0.4311983287334442
- got:      <S>什么时候可以借钱
-0.10453646630048752 -2.1184701919555664 -0.4386924207210541 -1.559617280960083 -0.07997572422027588 -0.21128660440444946 -0.09884554147720337 -0.10726536810398102 -0.296216756105423
- got:      <S>如何借钱
-0.10453646630048752 -2.1184701919555664 -0.4386924207210541 -1.559617280960083 -0.07997572422027588

- source:   求好看的悬疑小说
- expected: 有什么好看的悬疑小说么
- got:      <S>女主要看的有没有好看的
-0.12045758217573166 -1.7452338933944702 -1.583648681640625 -0.09489092975854874 -2.993893623352051 -2.2525148391723633 -0.16514286398887634 -1.086490273475647 -0.13723137974739075 -1.669194221496582 -0.18977048993110657 -0.044584210962057114
- got:      <S>女主要有没有好看的看的
-0.12045758217573166 -1.7452338933944702 -1.583648681640625 -0.09489092975854874 -2.993893623352051 -2.2525148391723633 -0.16514286398887634 -1.086490273475647 -0.13723137974739075 -1.669194221496582 -0.18977048993110657 -0.044584210962057114
- got:      <S>女主要有什么好看的小说
-0.12045758217573166 -1.7452338933944702 -1.583648681640625 -0.09489092975854874 -2.993893623352051 -2.2525148391723633 -0.16514286398887634 -1.086490273475647 -0.13723137974739075 -1.669194221496582 -0.18977048993110657 -0.044584210962057114
- got:      <S>女主要有什么好看的
-0.12045758217573166 -1.7452338933944702 -1.583648681640625 -0.09489092975854874 -2.993893623352051 -2.2525148391723633 -0.16514286398887634 -1.086490273475647 -0.13723137974739075 -1.669194221496582
- got:      <S>女主要看的有哪些
-0.12045758217573166 -1.7452338933944702 -1.583648681640625 -0.09489092975854874 -2.993893623352051 -2.2525148391723633 -0.16514286398887634 -1.086490273475647 -0.13723137974739075

- source:   如何免费下载中国知网论文
- expected: 中国知网里怎样免费下载论文
- got:      <S>网上下载中国知网上怎么下载论文
-0.10009194165468216 -0.9917492866516113 -0.7895902991294861 -1.4082218408584595 -0.07453277707099915 -1.1653449535369873 -0.19733959436416626 -0.1821458488702774 -0.08415645360946655 -0.04676457494497299 -1.3458696603775024 -0.12540555000305176 -0.07776243984699249 -0.09327257424592972 -3.106971263885498 -0.04797234758734703
- got:      <S>中国知网上下载论文怎么下载
-0.10009194165468216 -0.9917492866516113 -0.7895902991294861 -1.4082218408584595 -0.07453277707099915 -1.1653449535369873 -0.19733959436416626 -0.1821458488702774 -0.08415645360946655 -0.04676457494497299 -1.3458696603775024 -0.12540555000305176 -0.07776243984699249 -0.09327257424592972
- got:      <S>网上下载中国论文怎么下载
-0.10009194165468216 -0.9917492866516113 -0.7895902991294861 -1.4082218408584595 -0.07453277707099915 -1.1653449535369873 -0.19733959436416626 -0.1821458488702774 -0.08415645360946655 -0.04676457494497299 -1.3458696603775024 -0.12540555000305176 -0.07776243984699249
- got:      <S>中国知网上怎么下载论文
-0.10009194165468216 -0.9917492866516113 -0.7895902991294861 -1.4082218408584595 -0.07453277707099915 -1.1653449535369873 -0.19733959436416626 -0.1821458488702774 -0.08415645360946655 -0.04676457494497299 -1.3458696603775024 -0.12540555000305176
- got:      <S>网上下载论文怎么下载
-0.10009194165468216 -0.9917492866516113 -0.7895902991294861 -1.4082218408584595 -0.07453277707099915 -1.1653449535369873 -0.19733959436416626 -0.1821458488702774 -0.08415645360946655 -0.04676457494497299 -1.3458696603775024

- source:   怎么样才能跟人相处
- expected: 怎么和别人相处
- got:      <S>女人怎么跟人才能让人
-0.09875202178955078 -1.1229400634765625 -1.5223989486694336 -1.174793004989624 -0.2843475639820099 -0.7985943555831909 -2.677778959274292 -1.648620843887329 -0.4738467037677765 -3.029498338699341 -1.2581571340560913
- got:      <S>女人怎样跟人才能让人
-0.09875202178955078 -1.1229400634765625 -1.5223989486694336 -1.174793004989624 -0.2843475639820099 -0.7985943555831909 -2.677778959274292 -1.648620843887329 -0.4738467037677765 -3.029498338699341 -1.2581571340560913
- got:      <S>什么是不能跟人
-0.09875202178955078 -1.1229400634765625 -1.5223989486694336 -1.174793004989624 -0.2843475639820099 -0.7985943555831909 -2.677778959274292 -1.648620843887329
- got:      <S>什么是不能与人
-0.09875202178955078 -1.1229400634765625 -1.5223989486694336 -1.174793004989624 -0.2843475639820099 -0.7985943555831909 -2.677778959274292 -1.648620843887329
- got:      <S>什么是不能和人
-0.09875202178955078 -1.1229400634765625 -1.5223989486694336 -1.174793004989624 -0.2843475639820099 -0.7985943555831909 -2.677778959274292 -1.648620843887329

- source:   贴吧怎么升级快
- expected: 怎么在贴吧升级快
- got:      <S>百度贴吧怎么升级
-0.10710848122835159 -0.8296668529510498 -0.5671278834342957 -0.21494832634925842 -0.11250399798154831 -0.19555352628231049 -0.05782385542988777 -0.029327157884836197 -6.903728485107422
- got:      <S>wow怎么升级
-0.10710848122835159 -0.8296668529510498 -0.5671278834342957 -0.21494832634925842 -0.11250399798154831 -0.19555352628231049 -0.05782385542988777 -0.029327157884836197
- got:      <S>贴吧怎么升级
-0.10710848122835159 -0.8296668529510498 -0.5671278834342957 -0.21494832634925842 -0.11250399798154831 -0.19555352628231049 -0.05782385542988777
- got:      <S>怎么升级贴吧
-0.10710848122835159 -0.8296668529510498 -0.5671278834342957 -0.21494832634925842 -0.11250399798154831 -0.19555352628231049 -0.05782385542988777
- got:      <S>如何升级贴吧
-0.10710848122835159 -0.8296668529510498 -0.5671278834342957 -0.21494832634925842 -0.11250399798154831 -0.19555352628231049 -0.05782385542988777

- source:   三亚在哪个省
- expected: 三亚是哪个省的
- got:      <S>在哪里可以看三亚在哪个省
-0.10251305252313614 -1.2875211238861084 -0.9904413819313049 -0.9606983065605164 -0.7924258708953857 -0.35646799206733704 -0.3770618438720703 -1.018125057220459 -1.3391718864440918 -0.8721674084663391 -1.2066913843154907 -0.7749863862991333 -0.3395475149154663
- got:      <S>2016年三亚在哪个省
-0.10251305252313614 -1.2875211238861084 -0.9904413819313049 -0.9606983065605164 -0.7924258708953857 -0.35646799206733704 -0.3770618438720703 -1.018125057220459 -1.3391718864440918 -0.8721674084663391 -1.2066913843154907 -0.7749863862991333
- got:      <S>2017年三亚在哪个省
-0.10251305252313614 -1.2875211238861084 -0.9904413819313049 -0.9606983065605164 -0.7924258708953857 -0.35646799206733704 -0.3770618438720703 -1.018125057220459 -1.3391718864440918 -0.8721674084663391 -1.2066913843154907 -0.7749863862991333
- got:      <S>什么是三亚在哪个省
-0.10251305252313614 -1.2875211238861084 -0.9904413819313049 -0.9606983065605164 -0.7924258708953857 -0.35646799206733704 -0.3770618438720703 -1.018125057220459 -1.3391718864440918 -0.8721674084663391
- got:      <S>三亚在哪个省份
-0.10251305252313614 -1.2875211238861084 -0.9904413819313049 -0.9606983065605164 -0.7924258708953857 -0.35646799206733704 -0.3770618438720703 -1.018125057220459

- source:   计算下面各图形中阴影部分的面积
- expected: 计算下面各图形的阴影部分面积
- got:      <S>计算中的阴影面积分的面积怎么调
-0.11595497280359268 -1.842202067375183 -0.6244112849235535 -1.355398416519165 -1.3478277921676636 -0.5628302693367004 -1.8270174264907837 -1.7141969203948975 -0.18730226159095764 -1.24849534034729 -0.12971974909305573 -1.5894144773483276 -0.14868415892124176 -0.9492484331130981 -0.8309800028800964 -2.9439334869384766
- got:      <S>计算中的阴影中的阴影面积分
-0.11595497280359268 -1.842202067375183 -0.6244112849235535 -1.355398416519165 -1.3478277921676636 -0.5628302693367004 -1.8270174264907837 -1.7141969203948975 -0.18730226159095764 -1.24849534034729 -0.12971974909305573 -1.5894144773483276 -0.14868415892124176 -0.9492484331130981
- got:      <S>计算中的阴影中的阴影怎么打
-0.11595497280359268 -1.842202067375183 -0.6244112849235535 -1.355398416519165 -1.3478277921676636 -0.5628302693367004 -1.8270174264907837 -1.7141969203948975 -0.18730226159095764 -1.24849534034729 -0.12971974909305573 -1.5894144773483276 -0.14868415892124176 -0.9492484331130981
- got:      <S>计算中阴影的阴影怎么打出来
-0.11595497280359268 -1.842202067375183 -0.6244112849235535 -1.355398416519165 -1.3478277921676636 -0.5628302693367004 -1.8270174264907837 -1.7141969203948975 -0.18730226159095764 -1.24849534034729 -0.12971974909305573 -1.5894144773483276 -0.14868415892124176 -0.9492484331130981
- got:      <S>计算中阴影的阴影怎么打
-0.11595497280359268 -1.842202067375183 -0.6244112849235535 -1.355398416519165 -1.3478277921676636 -0.5628302693367004 -1.8270174264907837 -1.7141969203948975 -0.18730226159095764 -1.24849534034729 -0.12971974909305573 -1.5894144773483276

- source:   多长时间才能回过来电话
- expected: 银行电话啥时候打
- got:      <S>2017年多长时间能过多长时间
-0.10402070730924606 -1.878401517868042 -0.5524130463600159 -1.6611523628234863 -0.09632361680269241 -0.07242893427610397 -1.020246148109436 -0.497628390789032 -0.983329176902771 -0.16636516153812408 -1.9514425992965698 -2.004087448120117 -0.03527567535638809 -0.7435833215713501 -0.04879488795995712 -5.971052169799805
- got:      <S>2017年多长时间能过来电话
-0.10402070730924606 -1.878401517868042 -0.5524130463600159 -1.6611523628234863 -0.09632361680269241 -0.07242893427610397 -1.020246148109436 -0.497628390789032 -0.983329176902771 -0.16636516153812408 -1.9514425992965698 -2.004087448120117 -0.03527567535638809 -0.7435833215713501 -0.04879488795995712
- got:      <S>2017年多长时间能过多久
-0.10402070730924606 -1.878401517868042 -0.5524130463600159 -1.6611523628234863 -0.09632361680269241 -0.07242893427610397 -1.020246148109436 -0.497628390789032 -0.983329176902771 -0.16636516153812408 -1.9514425992965698 -2.004087448120117 -0.03527567535638809 -0.7435833215713501
- got:      <S>多长时间能过来电话
-0.10402070730924606 -1.878401517868042 -0.5524130463600159 -1.6611523628234863 -0.09632361680269241 -0.07242893427610397 -1.020246148109436 -0.497628390789032 -0.983329176902771 -0.16636516153812408
- got:      <S>如何快速回来的电话
-0.10402070730924606 -1.878401517868042 -0.5524130463600159 -1.6611523628234863 -0.09632361680269241 -0.07242893427610397 -1.020246148109436 -0.497628390789032 -0.983329176902771 -0.16636516153812408

- source:   何时才可以贷款
- expected: 何时才能借款
- got:      <S>什么时候贷可以贷款贷款
-0.09952078759670258 -1.7069580554962158 -0.0911669060587883 -1.6764624118804932 -2.035222053527832 -0.1821928471326828 -0.23795892298221588 -0.6503714323043823 -0.07054385542869568 -0.2479425072669983 -0.33489733934402466 -0.3405626714229584
- got:      <S>什么时候贷款可以贷款
-0.09952078759670258 -1.7069580554962158 -0.0911669060587883 -1.6764624118804932 -2.035222053527832 -0.1821928471326828 -0.23795892298221588 -0.6503714323043823 -0.07054385542869568 -0.2479425072669983 -0.33489733934402466
- got:      <S>什么时候可以贷款贷款
-0.09952078759670258 -1.7069580554962158 -0.0911669060587883 -1.6764624118804932 -2.035222053527832 -0.1821928471326828 -0.23795892298221588 -0.6503714323043823 -0.07054385542869568 -0.2479425072669983 -0.33489733934402466
- got:      <S>什么时候贷可以贷款
-0.09952078759670258 -1.7069580554962158 -0.0911669060587883 -1.6764624118804932 -2.035222053527832 -0.1821928471326828 -0.23795892298221588 -0.6503714323043823 -0.07054385542869568 -0.2479425072669983
- got:      <S>如何贷款贷款
-0.09952078759670258 -1.7069580554962158 -0.0911669060587883 -1.6764624118804932 -2.035222053527832 -0.1821928471326828 -0.23795892298221588

- source:   港股通股票如何买卖操作
- expected: 买卖港股通股票
- got:      <S>关于港股通股票怎么收入
-0.10047248750925064 -0.656184732913971 -0.513181209564209 -0.2646944522857666 -1.118262529373169 -0.914435625076294 -2.1263039112091064 -0.9267526865005493 -2.510248899459839 -1.1226149797439575 -2.664889335632324 -1.858950138092041
- got:      <S>股票通股票怎么卖
-0.10047248750925064 -0.656184732913971 -0.513181209564209 -0.2646944522857666 -1.118262529373169 -0.914435625076294 -2.1263039112091064 -0.9267526865005493 -2.510248899459839
- got:      <S>港股通股票怎么卖
-0.10047248750925064 -0.656184732913971 -0.513181209564209 -0.2646944522857666 -1.118262529373169 -0.914435625076294 -2.1263039112091064 -0.9267526865005493 -2.510248899459839
- got:      <S>如何购买港股票
-0.10047248750925064 -0.656184732913971 -0.513181209564209 -0.2646944522857666 -1.118262529373169 -0.914435625076294 -2.1263039112091064 -0.9267526865005493
- got:      <S>港股票怎么卖
-0.10047248750925064 -0.656184732913971 -0.513181209564209 -0.2646944522857666 -1.118262529373169 -0.914435625076294 -2.1263039112091064

- source:   提前还贷
- expected: 请问等我有钱啦可以一次性还款嘛
- got:      <S>公司提前还贷还贷还贷款吗
-0.10529758036136627 -0.7203802466392517 -0.4802634119987488 -1.6244951486587524 -0.31902360916137695 -0.4631006121635437 -0.6006851196289062 -2.542012929916382 -2.6180648803710938 -2.4601857662200928 -1.1025707721710205 -0.38290977478027344 -1.9571316242218018
- got:      <S>公司提前贷还贷还贷款吗
-0.10529758036136627 -0.7203802466392517 -0.4802634119987488 -1.6244951486587524 -0.31902360916137695 -0.4631006121635437 -0.6006851196289062 -2.542012929916382 -2.6180648803710938 -2.4601857662200928 -1.1025707721710205 -0.38290977478027344
- got:      <S>公司提前还贷还贷款吗
-0.10529758036136627 -0.7203802466392517 -0.4802634119987488 -1.6244951486587524 -0.31902360916137695 -0.4631006121635437 -0.6006851196289062 -2.542012929916382 -2.6180648803710938 -2.4601857662200928 -1.1025707721710205
- got:      <S>提前还贷还贷还贷款吗
-0.10529758036136627 -0.7203802466392517 -0.4802634119987488 -1.6244951486587524 -0.31902360916137695 -0.4631006121635437 -0.6006851196289062 -2.542012929916382 -2.6180648803710938 -2.4601857662200928 -1.1025707721710205
- got:      <S>如何提前贷
-0.10529758036136627 -0.7203802466392517 -0.4802634119987488 -1.6244951486587524 -0.31902360916137695 -0.4631006121635437

- source:   陌陌咋删除聊天记录
- expected: 陌陌如何删除聊天记录
- got:      <S>win7怎么删除陌陌陌上聊天记录
-0.10629653930664062 -0.44860953092575073 -0.7890352606773376 -1.1866272687911987 -0.1412554830312729 -1.44317626953125 -0.2021106332540512 -0.5471507906913757 -1.0988996028900146 -0.2786766588687897 -0.10859286785125732 -0.03359055891633034 -2.4870872497558594 -1.383789300918579 -0.4768022894859314 -0.03348945826292038 -0.13802088797092438
- got:      <S>如何删除陌陌上的聊天记录
-0.10629653930664062 -0.44860953092575073 -0.7890352606773376 -1.1866272687911987 -0.1412554830312729 -1.44317626953125 -0.2021106332540512 -0.5471507906913757 -1.0988996028900146 -0.2786766588687897 -0.10859286785125732 -0.03359055891633034 -2.4870872497558594
- got:      <S>怎么删除陌陌上的聊天记录
-0.10629653930664062 -0.44860953092575073 -0.7890352606773376 -1.1866272687911987 -0.1412554830312729 -1.44317626953125 -0.2021106332540512 -0.5471507906913757 -1.0988996028900146 -0.2786766588687897 -0.10859286785125732 -0.03359055891633034 -2.4870872497558594
- got:      <S>陌陌怎么删除聊天记录
-0.10629653930664062 -0.44860953092575073 -0.7890352606773376 -1.1866272687911987 -0.1412554830312729 -1.44317626953125 -0.2021106332540512 -0.5471507906913757 -1.0988996028900146 -0.2786766588687897 -0.10859286785125732
- got:      <S>微信聊天记录怎么删除
-0.10629653930664062 -0.44860953092575073 -0.7890352606773376 -1.1866272687911987 -0.1412554830312729 -1.44317626953125 -0.2021106332540512 -0.5471507906913757 -1.0988996028900146 -0.2786766588687897 -0.10859286785125732

- source:   俩个支付宝一个身份认证可以同时开通花呗吗
- expected: 一个身份证号码可以用开通两个花呗吗
- got:      <S>支付宝可以同时开通花呗吗
-0.0979255884885788 -1.0843290090560913 -0.4003671407699585 -0.4913025498390198 -0.05886596068739891 -0.13900543749332428 -0.4343434274196625 -0.12055660039186478 -3.7244439125061035 -0.40636029839515686 -1.3864812850952148 -0.4637736976146698 -0.18880735337734222
- got:      <S>支付宝可以同时开通吗
-0.0979255884885788 -1.0843290090560913 -0.4003671407699585 -0.4913025498390198 -0.05886596068739891 -0.13900543749332428 -0.4343434274196625 -0.12055660039186478 -3.7244439125061035 -0.40636029839515686 -1.3864812850952148
- got:      <S>花呗可以同时开通吗
-0.0979255884885788 -1.0843290090560913 -0.4003671407699585 -0.4913025498390198 -0.05886596068739891 -0.13900543749332428 -0.4343434274196625 -0.12055660039186478 -3.7244439125061035 -0.40636029839515686
- got:      <S>花呗可以开通吗
-0.0979255884885788 -1.0843290090560913 -0.4003671407699585 -0.4913025498390198 -0.05886596068739891 -0.13900543749332428 -0.4343434274196625 -0.12055660039186478
- got:      <S>怎么开通花呗
-0.0979255884885788 -1.0843290090560913 -0.4003671407699585 -0.4913025498390198 -0.05886596068739891 -0.13900543749332428 -0.4343434274196625

- source:   怎样写好话题作文
- expected: 怎么写话题作文
- got:      <S>简述话题作文怎么写
-0.1113540381193161 -1.0941393375396729 -1.9622697830200195 -1.3059624433517456 -0.2200995683670044 -0.995920717716217 -0.44081008434295654 -1.7196680307388306 -0.3366444706916809 -0.966370701789856
- got:      <S>话题怎么写好话题
-0.1113540381193161 -1.0941393375396729 -1.9622697830200195 -1.3059624433517456 -0.2200995683670044 -0.995920717716217 -0.44081008434295654 -1.7196680307388306 -0.3366444706916809
- got:      <S>如何写好话题作文
-0.1113540381193161 -1.0941393375396729 -1.9622697830200195 -1.3059624433517456 -0.2200995683670044 -0.995920717716217 -0.44081008434295654 -1.7196680307388306 -0.3366444706916809
- got:      <S>怎样写好话题作文
-0.1113540381193161 -1.0941393375396729 -1.9622697830200195 -1.3059624433517456 -0.2200995683670044 -0.995920717716217 -0.44081008434295654 -1.7196680307388306 -0.3366444706916809
- got:      <S>怎么写好话题作文
-0.1113540381193161 -1.0941393375396729 -1.9622697830200195 -1.3059624433517456 -0.2200995683670044 -0.995920717716217 -0.44081008434295654 -1.7196680307388306 -0.3366444706916809

- source:   宽容的反义词是什么
- expected: 宽容的反义词是什么
- got:      <S>宽容的反反反反反的词语
-0.09558413177728653 -0.6809448003768921 -0.7854726910591125 -0.35529038310050964 -1.3862496614456177 -0.818087100982666 -1.3722014427185059 -1.3937231302261353 -1.384583592414856 -1.4470542669296265 -0.7673625946044922 -0.2840282618999481
- got:      <S>电脑的反义词
-0.09558413177728653 -0.6809448003768921 -0.7854726910591125 -0.35529038310050964 -1.3862496614456177 -0.818087100982666 -1.3722014427185059
- got:      <S>常见的反义词
-0.09558413177728653 -0.6809448003768921 -0.7854726910591125 -0.35529038310050964 -1.3862496614456177 -0.818087100982666 -1.3722014427185059
- got:      <S>宽容的反义词
-0.09558413177728653 -0.6809448003768921 -0.7854726910591125 -0.35529038310050964 -1.3862496614456177 -0.818087100982666 -1.3722014427185059
- got:      <S>常识的反义词
-0.09558413177728653 -0.6809448003768921 -0.7854726910591125 -0.35529038310050964 -1.3862496614456177 -0.818087100982666 -1.3722014427185059

- source:   个性名字签名设计
- expected: 名字个性签名设计
- got:      <S>2017年个人名字大全
-0.10276016592979431 -1.4080238342285156 -0.20776307582855225 -1.5227837562561035 -0.3448772430419922 -0.4740139842033386 -1.2783482074737549 -0.07174600660800934 -1.0120443105697632 -1.5529890060424805 -0.04672396183013916 -0.27015429735183716
- got:      <S>如何设计签名字的签名
-0.10276016592979431 -1.4080238342285156 -0.20776307582855225 -1.5227837562561035 -0.3448772430419922 -0.4740139842033386 -1.2783482074737549 -0.07174600660800934 -1.0120443105697632 -1.5529890060424805 -0.04672396183013916
- got:      <S>如何设计签名字
-0.10276016592979431 -1.4080238342285156 -0.20776307582855225 -1.5227837562561035 -0.3448772430419922 -0.4740139842033386 -1.2783482074737549 -0.07174600660800934
- got:      <S>怎么设计签名字
-0.10276016592979431 -1.4080238342285156 -0.20776307582855225 -1.5227837562561035 -0.3448772430419922 -0.4740139842033386 -1.2783482074737549 -0.07174600660800934
- got:      <S>名字签名字大全
-0.10276016592979431 -1.4080238342285156 -0.20776307582855225 -1.5227837562561035 -0.3448772430419922 -0.4740139842033386 -1.2783482074737549 -0.07174600660800934

- source:   怎样让胸部变大
- expected: 自己怎样摸胸部才会变大
- got:      <S>为什么我的胸部变大
-0.1190805658698082 -1.2169287204742432 -0.19156377017498016 -0.5509142875671387 -0.16863663494586945 -1.5079514980316162 -1.0084348917007446 -0.5849325656890869 -0.6063048839569092 -2.3430542945861816
- got:      <S>胸部变大怎么调理
-0.1190805658698082 -1.2169287204742432 -0.19156377017498016 -0.5509142875671387 -0.16863663494586945 -1.5079514980316162 -1.0084348917007446 -0.5849325656890869 -0.6063048839569092
- got:      <S>如何让胸部变大
-0.1190805658698082 -1.2169287204742432 -0.19156377017498016 -0.5509142875671387 -0.16863663494586945 -1.5079514980316162 -1.0084348917007446 -0.5849325656890869
- got:      <S>怎么让胸部变大
-0.1190805658698082 -1.2169287204742432 -0.19156377017498016 -0.5509142875671387 -0.16863663494586945 -1.5079514980316162 -1.0084348917007446 -0.5849325656890869
- got:      <S>怎样让胸部变大
-0.1190805658698082 -1.2169287204742432 -0.19156377017498016 -0.5509142875671387 -0.16863663494586945 -1.5079514980316162 -1.0084348917007446 -0.5849325656890869

- source:   怎样用手机查违章呢
- expected: 手机上可以查违章吗怎么查
- got:      <S>如何查询自己的手机号码
-0.09879543632268906 -1.3376041650772095 -1.5374679565429688 -0.9610080718994141 -0.03655692934989929 -0.03535553440451622 -0.052451759576797485 -1.04035484790802 -0.08696922659873962 -0.07734666764736176 -1.977922797203064 -0.025606535375118256
- got:      <S>怎么查询自己的手机违章
-0.09879543632268906 -1.3376041650772095 -1.5374679565429688 -0.9610080718994141 -0.03655692934989929 -0.03535553440451622 -0.052451759576797485 -1.04035484790802 -0.08696922659873962 -0.07734666764736176 -1.977922797203064 -0.025606535375118256
- got:      <S>怎样查询自己的手机号
-0.09879543632268906 -1.3376041650772095 -1.5374679565429688 -0.9610080718994141 -0.03655692934989929 -0.03535553440451622 -0.052451759576797485 -1.04035484790802 -0.08696922659873962 -0.07734666764736176 -1.977922797203064
- got:      <S>怎么查询自己的手机号
-0.09879543632268906 -1.3376041650772095 -1.5374679565429688 -0.9610080718994141 -0.03655692934989929 -0.03535553440451622 -0.052451759576797485 -1.04035484790802 -0.08696922659873962 -0.07734666764736176 -1.977922797203064
- got:      <S>手机违章怎么查询
-0.09879543632268906 -1.3376041650772095 -1.5374679565429688 -0.9610080718994141 -0.03655692934989929 -0.03535553440451622 -0.052451759576797485 -1.04035484790802 -0.08696922659873962

- source:   农村怎么致富
- expected: 在农村如何致富
- got:      <S>请问农村怎么样好不好<UNK>
-0.10418356209993362 -0.4626835882663727 -0.25635409355163574 -2.702260732650757 -0.2076108306646347 -0.8867858052253723 -0.1526077687740326 -1.5914422273635864 -0.9082964658737183 -3.3190574645996094 -0.17234785854816437 -3.7544777393341064 -1.0812499523162842 1.0 1.0 1.0
- got:      <S>请问农村怎么样好不好
-0.10418356209993362 -0.4626835882663727 -0.25635409355163574 -2.702260732650757 -0.2076108306646347 -0.8867858052253723 -0.1526077687740326 -1.5914422273635864 -0.9082964658737183 -3.3190574645996094 -0.17234785854816437
- got:      <S>请问农村怎么样好处
-0.10418356209993362 -0.4626835882663727 -0.25635409355163574 -2.702260732650757 -0.2076108306646347 -0.8867858052253723 -0.1526077687740326 -1.5914422273635864 -0.9082964658737183 -3.3190574645996094
- got:      <S>请问农村怎么样好吗
-0.10418356209993362 -0.4626835882663727 -0.25635409355163574 -2.702260732650757 -0.2076108306646347 -0.8867858052253723 -0.1526077687740326 -1.5914422273635864 -0.9082964658737183 -3.3190574645996094
- got:      <S>请问农村怎么样
-0.10418356209993362 -0.4626835882663727 -0.25635409355163574 -2.702260732650757 -0.2076108306646347 -0.8867858052253723 -0.1526077687740326 -1.5914422273635864

- source:   现在在网上如何络怎么赚点小钱
- expected: 在网上如何能赚点小钱
- got:      <S>2017年最新网络赚钱方法
-0.10030266642570496 -1.6891039609909058 -0.19575192034244537 -1.5588829517364502 -0.5276552438735962 -0.38564616441726685 -3.0416629314422607 -1.4117870330810547 -1.3538740873336792 -0.1544351726770401 -2.6789662837982178 -0.296811580657959 -0.4338528513908386 -0.17034251987934113
- got:      <S>如何在网络上赚钱
-0.10030266642570496 -1.6891039609909058 -0.19575192034244537 -1.5588829517364502 -0.5276552438735962 -0.38564616441726685 -3.0416629314422607 -1.4117870330810547 -1.3538740873336792
- got:      <S>怎么在网络上赚钱
-0.10030266642570496 -1.6891039609909058 -0.19575192034244537 -1.5588829517364502 -0.5276552438735962 -0.38564616441726685 -3.0416629314422607 -1.4117870330810547 -1.3538740873336792
- got:      <S>怎么在网上赚钱
-0.10030266642570496 -1.6891039609909058 -0.19575192034244537 -1.5588829517364502 -0.5276552438735962 -0.38564616441726685 -3.0416629314422607 -1.4117870330810547
- got:      <S>怎么赚钱
-0.10030266642570496 -1.6891039609909058 -0.19575192034244537 -1.5588829517364502 -0.5276552438735962

- source:   认证空间怎么弄
- expected: 怎么弄认证空间
- got:      <S>如何在认识别的认证空间
-0.10526978969573975 -1.2175401449203491 -1.742189645767212 -2.4503753185272217 -1.845349669456482 -0.3926514983177185 -1.3125462532043457 -1.211817741394043 -0.6014376878738403 -0.021792007610201836 -2.1959967613220215 -3.745889902114868
- got:      <S>怎样才能在认证的空间
-0.10526978969573975 -1.2175401449203491 -1.742189645767212 -2.4503753185272217 -1.845349669456482 -0.3926514983177185 -1.3125462532043457 -1.211817741394043 -0.6014376878738403 -0.021792007610201836 -2.1959967613220215
- got:      <S>如何在认证的空间里
-0.10526978969573975 -1.2175401449203491 -1.742189645767212 -2.4503753185272217 -1.845349669456482 -0.3926514983177185 -1.3125462532043457 -1.211817741394043 -0.6014376878738403 -0.021792007610201836
- got:      <S>如何在认识别的认证
-0.10526978969573975 -1.2175401449203491 -1.742189645767212 -2.4503753185272217 -1.845349669456482 -0.3926514983177185 -1.3125462532043457 -1.211817741394043 -0.6014376878738403 -0.021792007610201836
- got:      <S>认证空间怎么弄
-0.10526978969573975 -1.2175401449203491 -1.742189645767212 -2.4503753185272217 -1.845349669456482 -0.3926514983177185 -1.3125462532043457 -1.211817741394043

- source:   关于蔬菜谜语
- expected: 关于蔬菜的谜语
- got:      <S>含菜的语文怎么写
-0.09673936665058136 -2.0788722038269043 -0.06437237560749054 -2.9733848571777344 -1.8897860050201416 -3.281201124191284 -1.0411067008972168 -0.13055245578289032 -1.4173015356063843
- got:      <S>含菜的语言
-0.09673936665058136 -2.0788722038269043 -0.06437237560749054 -2.9733848571777344 -1.8897860050201416 -3.281201124191284
- got:      <S>含菜的语文
-0.09673936665058136 -2.0788722038269043 -0.06437237560749054 -2.9733848571777344 -1.8897860050201416 -3.281201124191284
- got:      <S>含菜的语句
-0.09673936665058136 -2.0788722038269043 -0.06437237560749054 -2.9733848571777344 -1.8897860050201416 -3.281201124191284
- got:      <S>百度作业帮
-0.09673936665058136 -2.0788722038269043 -0.06437237560749054 -2.9733848571777344 -1.8897860050201416 -3.281201124191284

- source:   最近有没有好看点的韩剧啊
- expected: 最最最近有没有什么好看的韩剧啊
- got:      <S>2016年最近几部好看的韩国剧
-0.11342436820268631 -2.259935140609741 -0.1257159411907196 -1.9910893440246582 -0.7203875780105591 -0.6755149364471436 -1.8664427995681763 -1.1711440086364746 -0.09421330690383911 -0.9115743041038513 -0.07385992258787155 -0.04065737500786781 -2.0566439628601074 -3.5380187034606934 -0.9963581562042236 -2.0532732009887695
- got:      <S>好看的韩国有哪些好看的
-0.11342436820268631 -2.259935140609741 -0.1257159411907196 -1.9910893440246582 -0.7203875780105591 -0.6755149364471436 -1.8664427995681763 -1.1711440086364746 -0.09421330690383911 -0.9115743041038513 -0.07385992258787155 -0.04065737500786781
- got:      <S>2016年最近几部好看
-0.11342436820268631 -2.259935140609741 -0.1257159411907196 -1.9910893440246582 -0.7203875780105591 -0.6755149364471436 -1.8664427995681763 -1.1711440086364746 -0.09421330690383911 -0.9115743041038513 -0.07385992258787155 -0.04065737500786781
- got:      <S>有没有好看的韩剧
-0.11342436820268631 -2.259935140609741 -0.1257159411907196 -1.9910893440246582 -0.7203875780105591 -0.6755149364471436 -1.8664427995681763 -1.1711440086364746 -0.09421330690383911
- got:      <S>好看的韩国有哪些
-0.11342436820268631 -2.259935140609741 -0.1257159411907196 -1.9910893440246582 -0.7203875780105591 -0.6755149364471436 -1.8664427995681763 -1.1711440086364746 -0.09421330690383911

- source:   你好请问可以用微信零钱钱包里面的余额还款吗
- expected: 你好我能不能从微信余额中直接还款
- got:      <S>微信零钱可以用钱包吗
-0.10650253295898438 -0.6296942234039307 -1.8284249305725098 -2.016726016998291 -0.399676114320755 -0.04729115962982178 -0.2122817486524582 -0.05203709751367569 -1.2141181230545044 -1.7747892141342163 -3.691815137863159
- got:      <S>微信零钱可以用钱吗
-0.10650253295898438 -0.6296942234039307 -1.8284249305725098 -2.016726016998291 -0.399676114320755 -0.04729115962982178 -0.2122817486524582 -0.05203709751367569 -1.2141181230545044 -1.7747892141342163
- got:      <S>怎么用微信零钱包
-0.10650253295898438 -0.6296942234039307 -1.8284249305725098 -2.016726016998291 -0.399676114320755 -0.04729115962982178 -0.2122817486524582 -0.05203709751367569 -1.2141181230545044
- got:      <S>怎样用微信零钱包
-0.10650253295898438 -0.6296942234039307 -1.8284249305725098 -2.016726016998291 -0.399676114320755 -0.04729115962982178 -0.2122817486524582 -0.05203709751367569 -1.2141181230545044
- got:      <S>可以用微信零钱吗
-0.10650253295898438 -0.6296942234039307 -1.8284249305725098 -2.016726016998291 -0.399676114320755 -0.04729115962982178 -0.2122817486524582 -0.05203709751367569 -1.2141181230545044

- source:   在大学里买什么最赚钱呢
- expected: 大学里做什么赚钱
- got:      <S>2016年最赚钱的方法是什么
-0.10224650055170059 -1.0830719470977783 -1.1581053733825684 -0.08141179382801056 -0.18312355875968933 -0.2191174328327179 -0.03627646341919899 -1.5592970848083496 -0.13057619333267212 -1.3795851469039917 -3.0227503776550293 -0.18566231429576874 -1.33339262008667 -0.5059194564819336 -0.09575128555297852
- got:      <S>2017年最赚钱的方法是什么
-0.10224650055170059 -1.0830719470977783 -1.1581053733825684 -0.08141179382801056 -0.18312355875968933 -0.2191174328327179 -0.03627646341919899 -1.5592970848083496 -0.13057619333267212 -1.3795851469039917 -3.0227503776550293 -0.18566231429576874 -1.33339262008667 -0.5059194564819336 -0.09575128555297852
- got:      <S>在大学买什么赚钱
-0.10224650055170059 -1.0830719470977783 -1.1581053733825684 -0.08141179382801056 -0.18312355875968933 -0.2191174328327179 -0.03627646341919899 -1.5592970848083496 -0.13057619333267212
- got:      <S>大学什么赚钱
-0.10224650055170059 -1.0830719470977783 -1.1581053733825684 -0.08141179382801056 -0.18312355875968933 -0.2191174328327179 -0.03627646341919899
- got:      <S>如何赚钱
-0.10224650055170059 -1.0830719470977783 -1.1581053733825684 -0.08141179382801056 -0.18312355875968933

- source:   二级建造师考试科目
- expected: 二级建造师考试科目都有哪些
- got:      <S>2016年二级建造师考试报名时间
-0.10777314007282257 -0.4913806915283203 -0.13733603060245514 -0.10359206795692444 -0.12870170176029205 -0.16924484074115753 -0.3659594655036926 -0.09073685854673386 -1.7475931644439697 -0.0827021598815918 -1.93707275390625 -2.149468421936035 -0.41346827149391174 -2.091071844100952 -0.07816778868436813 -2.301771402359009 -0.2258070409297943
- got:      <S>二级建造师考试科目一考试报名时间
-0.10777314007282257 -0.4913806915283203 -0.13733603060245514 -0.10359206795692444 -0.12870170176029205 -0.16924484074115753 -0.3659594655036926 -0.09073685854673386 -1.7475931644439697 -0.0827021598815918 -1.93707275390625 -2.149468421936035 -0.41346827149391174 -2.091071844100952 -0.07816778868436813 -2.301771402359009 -0.2258070409297943
- got:      <S>2017年二级建造师考试报名时间
-0.10777314007282257 -0.4913806915283203 -0.13733603060245514 -0.10359206795692444 -0.12870170176029205 -0.16924484074115753 -0.3659594655036926 -0.09073685854673386 -1.7475931644439697 -0.0827021598815918 -1.93707275390625 -2.149468421936035 -0.41346827149391174 -2.091071844100952 -0.07816778868436813 -2.301771402359009 -0.2258070409297943
- got:      <S>一级建造师考试科目二考试报名时间
-0.10777314007282257 -0.4913806915283203 -0.13733603060245514 -0.10359206795692444 -0.12870170176029205 -0.16924484074115753 -0.3659594655036926 -0.09073685854673386 -1.7475931644439697 -0.0827021598815918 -1.93707275390625 -2.149468421936035 -0.41346827149391174 -2.091071844100952 -0.07816778868436813 -2.301771402359009 -0.2258070409297943
- got:      <S>二级建造师考试科目二考试报名时间
-0.10777314007282257 -0.4913806915283203 -0.13733603060245514 -0.10359206795692444 -0.12870170176029205 -0.16924484074115753 -0.3659594655036926 -0.09073685854673386 -1.7475931644439697 -0.0827021598815918 -1.93707275390625 -2.149468421936035 -0.41346827149391174 -2.091071844100952 -0.07816778868436813 -2.301771402359009 -0.2258070409297943

- source:   一般申请了多久打电话
- expected: 一般打电话核实要多久
- got:      <S>如何申请一般打多久了电话
-0.1038755550980568 -1.6600483655929565 -0.2634662985801697 -1.4886407852172852 -2.2388339042663574 -0.21909761428833008 -1.839400053024292 -0.06920354813337326 -0.878221869468689 -0.7279788851737976 -0.16352738440036774 -1.177650809288025 -0.04553370177745819
- got:      <S>如何申请一般打多长时间
-0.1038755550980568 -1.6600483655929565 -0.2634662985801697 -1.4886407852172852 -2.2388339042663574 -0.21909761428833008 -1.839400053024292 -0.06920354813337326 -0.878221869468689 -0.7279788851737976 -0.16352738440036774 -1.177650809288025
- got:      <S>一般申请多久可以打电话
-0.1038755550980568 -1.6600483655929565 -0.2634662985801697 -1.4886407852172852 -2.2388339042663574 -0.21909761428833008 -1.839400053024292 -0.06920354813337326 -0.878221869468689 -0.7279788851737976 -0.16352738440036774 -1.177650809288025
- got:      <S>一般申请多久能打电话
-0.1038755550980568 -1.6600483655929565 -0.2634662985801697 -1.4886407852172852 -2.2388339042663574 -0.21909761428833008 -1.839400053024292 -0.06920354813337326 -0.878221869468689 -0.7279788851737976 -0.16352738440036774
- got:      <S>如何申请打电话
-0.1038755550980568 -1.6600483655929565 -0.2634662985801697 -1.4886407852172852 -2.2388339042663574 -0.21909761428833008 -1.839400053024292 -0.06920354813337326

- source:   小米和华为哪个好
- expected: 华为和小米哪个好为什么
- got:      <S>欢乐颂2和小米的区别是什么
-0.103939488530159 -0.6661238670349121 -1.8678394556045532 -0.6734023690223694 -0.14297138154506683 -1.6575260162353516 -0.5772308111190796 -0.10183292627334595 -0.40793073177337646 -0.08637259900569916 -0.10444679856300354 -2.3507184982299805 -0.22761665284633636 -0.589562177658081
- got:      <S>欢迎访问华为和华为哪个好
-0.103939488530159 -0.6661238670349121 -1.8678394556045532 -0.6734023690223694 -0.14297138154506683 -1.6575260162353516 -0.5772308111190796 -0.10183292627334595 -0.40793073177337646 -0.08637259900569916 -0.10444679856300354 -2.3507184982299805 -0.22761665284633636
- got:      <S>欢乐颂2和小米的区别
-0.103939488530159 -0.6661238670349121 -1.8678394556045532 -0.6734023690223694 -0.14297138154506683 -1.6575260162353516 -0.5772308111190796 -0.10183292627334595 -0.40793073177337646 -0.08637259900569916 -0.10444679856300354
- got:      <S>欢乐颂2和华为哪个好
-0.103939488530159 -0.6661238670349121 -1.8678394556045532 -0.6734023690223694 -0.14297138154506683 -1.6575260162353516 -0.5772308111190796 -0.10183292627334595 -0.40793073177337646 -0.08637259900569916 -0.10444679856300354
- got:      <S>华为和华为哪个好
-0.103939488530159 -0.6661238670349121 -1.8678394556045532 -0.6734023690223694 -0.14297138154506683 -1.6575260162353516 -0.5772308111190796 -0.10183292627334595 -0.40793073177337646

- source:   客户查询购买理财产品地点
- expected: 我为什么就查询不了你们的投资理财产品地点
- got:      <S>知道客户购买地产品怎么样
-0.09962654113769531 -1.6883658170700073 -0.813895583152771 -1.3925148248672485 -0.6442277431488037 -0.36779946088790894 -1.0517983436584473 -0.18945126235485077 -1.0478932857513428 -1.5331867933273315 -1.3972629308700562 -0.7944428324699402 -0.8892114162445068
- got:      <S>知道客户购买地产怎么查
-0.09962654113769531 -1.6883658170700073 -0.813895583152771 -1.3925148248672485 -0.6442277431488037 -0.36779946088790894 -1.0517983436584473 -0.18945126235485077 -1.0478932857513428 -1.5331867933273315 -1.3972629308700562 -0.7944428324699402
- got:      <S>知道客户购买地址怎么样
-0.09962654113769531 -1.6883658170700073 -0.813895583152771 -1.3925148248672485 -0.6442277431488037 -0.36779946088790894 -1.0517983436584473 -0.18945126235485077 -1.0478932857513428 -1.5331867933273315 -1.3972629308700562 -0.7944428324699402
- got:      <S>客户购买地产品怎么样
-0.09962654113769531 -1.6883658170700073 -0.813895583152771 -1.3925148248672485 -0.6442277431488037 -0.36779946088790894 -1.0517983436584473 -0.18945126235485077 -1.0478932857513428 -1.5331867933273315 -1.3972629308700562
- got:      <S>客户购买地产怎么买
-0.09962654113769531 -1.6883658170700073 -0.813895583152771 -1.3925148248672485 -0.6442277431488037 -0.36779946088790894 -1.0517983436584473 -0.18945126235485077 -1.0478932857513428 -1.5331867933273315

- source:   包皮红肿瘙痒吃什么药
- expected: 包皮瘙痒红肿用什么药
- got:      <S>发红包皮肤肿痛吃什么药
-0.10898484289646149 -1.7060681581497192 -1.4257162809371948 -0.672318696975708 -0.5909066200256348 -1.222002625465393 -0.1279931217432022 -0.1595284789800644 -1.365186333656311 -0.15194471180438995 -1.6969163417816162 -3.866128444671631
- got:      <S>我的红肿了吃什么药
-0.10898484289646149 -1.7060681581497192 -1.4257162809371948 -0.672318696975708 -0.5909066200256348 -1.222002625465393 -0.1279931217432022 -0.1595284789800644 -1.365186333656311 -0.15194471180438995
- got:      <S>包皮红肿吃什么药好
-0.10898484289646149 -1.7060681581497192 -1.4257162809371948 -0.672318696975708 -0.5909066200256348 -1.222002625465393 -0.1279931217432022 -0.1595284789800644 -1.365186333656311 -0.15194471180438995
- got:      <S>发红肿痛吃什么药
-0.10898484289646149 -1.7060681581497192 -1.4257162809371948 -0.672318696975708 -0.5909066200256348 -1.222002625465393 -0.1279931217432022 -0.1595284789800644 -1.365186333656311
- got:      <S>皮肤红肿吃什么药
-0.10898484289646149 -1.7060681581497192 -1.4257162809371948 -0.672318696975708 -0.5909066200256348 -1.222002625465393 -0.1279931217432022 -0.1595284789800644 -1.365186333656311

- source:   怎么写我最敬佩的一个人作文
- expected: 作文我最敬佩的一个人
- got:      <S>写一个人的作文怎么写
-0.10179793834686279 -1.7424956560134888 -0.5011094808578491 -0.31149575114250183 -1.7657452821731567 -1.8589911460876465 -2.1344733238220215 -0.16219498217105865 -2.461658000946045 -0.17042003571987152 -0.12436836212873459
- got:      <S>写一个人的作文
-0.10179793834686279 -1.7424956560134888 -0.5011094808578491 -0.31149575114250183 -1.7657452821731567 -1.8589911460876465 -2.1344733238220215 -0.16219498217105865
- got:      <S>怎样写一个人
-0.10179793834686279 -1.7424956560134888 -0.5011094808578491 -0.31149575114250183 -1.7657452821731567 -1.8589911460876465 -2.1344733238220215
- got:      <S>怎么写一个人
-0.10179793834686279 -1.7424956560134888 -0.5011094808578491 -0.31149575114250183 -1.7657452821731567 -1.8589911460876465 -2.1344733238220215
- got:      <S>一个人怎么写
-0.10179793834686279 -1.7424956560134888 -0.5011094808578491 -0.31149575114250183 -1.7657452821731567 -1.8589911460876465 -2.1344733238220215

- source:   有什么好看的粤语片呀
- expected: 有什么好看的粤语片子
- got:      <S>经典的词语有哪些
-0.10115385800600052 -1.5602778196334839 -0.30081379413604736 -2.12947154045105 -3.3108434677124023 -0.03147008270025253 -2.9635231494903564 -0.19532713294029236 -3.133335590362549
- got:      <S>好看的经典语音
-0.10115385800600052 -1.5602778196334839 -0.30081379413604736 -2.12947154045105 -3.3108434677124023 -0.03147008270025253 -2.9635231494903564 -0.19532713294029236
- got:      <S>好看的经典语文
-0.10115385800600052 -1.5602778196334839 -0.30081379413604736 -2.12947154045105 -3.3108434677124023 -0.03147008270025253 -2.9635231494903564 -0.19532713294029236
- got:      <S>好看的经典语
-0.10115385800600052 -1.5602778196334839 -0.30081379413604736 -2.12947154045105 -3.3108434677124023 -0.03147008270025253 -2.9635231494903564
- got:      <S>经典的词语
-0.10115385800600052 -1.5602778196334839 -0.30081379413604736 -2.12947154045105 -3.3108434677124023 -0.03147008270025253

- source:   知趣天气猜品牌
- expected: 知趣天气猜品牌哦
- got:      <S>如何知道知道天气的十大品牌
-0.08953771740198135 -0.8345039486885071 -1.2417244911193848 -2.327172040939331 -0.021062161773443222 -2.8678624629974365 -1.9068875312805176 -2.893461227416992 -0.733342707157135 -1.564836859703064 -1.0060585737228394 -0.5652192831039429 -2.757376194000244 -7.741225719451904
- got:      <S>如何知道天气的十个品牌
-0.08953771740198135 -0.8345039486885071 -1.2417244911193848 -2.327172040939331 -0.021062161773443222 -2.8678624629974365 -1.9068875312805176 -2.893461227416992 -0.733342707157135 -1.564836859703064 -1.0060585737228394 -0.5652192831039429
- got:      <S>如何知道知道天气的品牌
-0.08953771740198135 -0.8345039486885071 -1.2417244911193848 -2.327172040939331 -0.021062161773443222 -2.8678624629974365 -1.9068875312805176 -2.893461227416992 -0.733342707157135 -1.564836859703064 -1.0060585737228394 -0.5652192831039429
- got:      <S>如何知道天气的十大品牌
-0.08953771740198135 -0.8345039486885071 -1.2417244911193848 -2.327172040939331 -0.021062161773443222 -2.8678624629974365 -1.9068875312805176 -2.893461227416992 -0.733342707157135 -1.564836859703064 -1.0060585737228394 -0.5652192831039429
- got:      <S>什么是知道天气的品牌
-0.08953771740198135 -0.8345039486885071 -1.2417244911193848 -2.327172040939331 -0.021062161773443222 -2.8678624629974365 -1.9068875312805176 -2.893461227416992 -0.733342707157135 -1.564836859703064 -1.0060585737228394

